HAR	20	21	100	3.54051
HAR	21	22	100	3.85934
HAR	22	23	100	3.81787
HAR	23	24	100	3.83768
HAR	24	25	100	3.82122
HAR	25	26	100	3.77656
HAR	26	27	100	3.81739
HAR	27	28	100	3.86415
HAR	28	29	100	3.82289
HAR	29	30	100	3.78386
HAR	30	31	100	3.87472
HAR	31	32	100	3.81498
HAR	32	33	100	3.91156
HAR	33	34	100	3.593
HAR	34	35	100	3.9672
HAR	35	36	100	3.87403
HAR	36	37	100	3.72546
HAR	37	38	100	3.83757
HAR	38	39	100	3.79369
HAR	39	40	100	3.81878
HAR	40	41	100	3.77528
HAR	41	42	100	3.75291
HAR	42	43	100	3.79651
HAR	43	44	100	3.70316
HAR	44	45	100	3.87572
HAR	45	46	100	3.84144
HAR	46	47	100	3.81558
HAR	47	48	100	3.8275
HAR	48	49	100	3.86291
HAR	49	50	100	3.8599
HAR	50	51	100	3.80648
HAR	51	52	100	3.80456
HAR	52	53	100	3.7584
HAR	53	54	100	3.81481
HAR	54	55	100	3.82586
HAR	55	56	100	3.81213
HAR	56	57	100	3.80193
HAR	57	58	100	3.81823
HAR	58	59	100	3.82847
HAR	59	60	100	3.83719
HAR	60	61	100	3.84605
HAR	61	62	100	3.85591
HAR	62	63	100	3.76476
HAR	63	64	100	3.76437
HAR	64	65	100	3.82286
HAR	65	66	100	3.79105
HAR	66	67	100	3.77327
HAR	67	68	100	3.75614
HAR	68	69	100	3.89452
HAR	69	70	100	3.84958
HAR	70	71	100	3.73109
HAR	71	72	100	3.90707
HAR	72	73	100	3.73512
HAR	73	74	100	3.83722
HAR	74	75	100	3.86151
HAR	75	76	100	3.82046
HAR	76	77	100	3.84397
HAR	77	78	100	3.71539
HAR	78	79	100	3.78174
HAR	79	80	100	3.79813
HAR	80	81	100	3.83645
HAR	81	82	100	3.82155
HAR	82	83	100	3.84084
